35250410158356003046550010000025181144178540
35250410158356003127550010000069271819632989
35250410158356002155550010000071421222311544
35250410158356002660550010000072381572993235
35250410158356002902550010000073181164084460
35250212520152000102550010000092491185046242
35250412520152000102550010000094011350655909
35250447287461000150550010001226801419874512
35250447287461000150550010001226811798163790
35250410158356004018550010003328751139291632
35250367945071000138550010005652681001688249
35250457497539000115550010026397601203101522
35250457497539000115550010026397611935473247
35250457497539000115550010026397621284398584
35250457497539000115550010026397641927600202
35250457497539000115550010026397651420891552
35250454651716001150550000074737311184834696
41250452496811000129550010000002601606108133
35250447993305000105550000000004941751623927
35250510158356003046550010000025751087213949
35250510158356004603550010000041721078014715
35250441406206000101550010000056541000068579
35250510158356003127550010000070991644003587
35250510158356002155550010000073221021324594
35250510158356002660550010000073781642214587
35250510158356002902550010000074041713906123
35250510158356005847550010000076991689134071
35250412520152000102550010000094301205715540
35250512520152000102550010000095021268047182
35250405026792002211551000000225661957833154
35250522704850000103550010000894631250222197
35250309003265000118550010001208061284433966
35250409003265000118550010001209911223483831
35250410158356000705550010001636671616089134
35250510158356000705550010001671761198299728
35250510158356000705550010001671771243045260
35250510158356000705550010001671781752066360
35250510158356000705550010001671791082016217
35250510158356000705550010001671801658740123
35250510158356000705550010001671811943409127
35250510158356000705550010001671821361682316
35250510158356000705550010001671831257690500
35250510158356000705550010001671841843269953
35250510158356000705550010001671851073039711
35250510158356000705550010001671861289265482
35250510158356000705550010001671871998825495
35250510158356000705550010001671881448152053
35250510158356000705550010001671891665218653
35250510158356000705550010001671901373484370
35250510158356000705550010001671911962962584
35250510158356000705550010001671921522450159
35250510158356000705550010001671931762129816
35250510158356000705550010001671941863339953
35250510158356000705550010001671951302484781
35250510158356000705550010001671961002512612
35250510158356000705550010001671971353045518
35250510158356000705550010001671981206346766
35250510158356000705550010001671991194660927
35250510158356000705550010001672001541424978
35250510158356000705550010001672011712784229
35250510158356000705550010001672021770954317
35250510158356000705550010001672031362667630
35250510158356000705550010001672041196470604
35250510158356000705550010001672051273407786
35250510158356000705550010001672061698670132
35250510158356000705550010001672071057021799
35250510158356000705550010001672081531683391
35250510158356000705550010001672091184795380
35250510158356000705550010001672101392993328
35250510158356000705550010001672111573205140
35250510158356000705550010001672121140540145
35250510158356000705550010001672131029079670
35250510158356000705550010001672141588250785
35250510158356000705550010001672151958736315
35250510158356000705550010001672161341856769
35250510158356000705550010001672171214665376
35250510158356000705550010001672181750650118
35250510158356000705550010001672191207784319
35250510158356000705550010001672201457779976
35250510158356000705550010001672211976782185
35250510158356000705550010001672221027642546
35250510158356000705550010001672231393849164
35250510158356000705550010001672241116051068
35250510158356000705550010001672251646838852
35250510158356000705550010001672261532027968
35250510158356000705550010001672271901452645
35250510158356000705550010001672281385832750
35250510158356000705550010001672291382945438
35250510158356000705550010001672301773597153
35250510158356000705550010001672311221426496
35250510158356000705550010001672321381811310
35250510158356000705550010001672331446435594
35250510158356000705550010001672341842217147
35250510158356000705550010001672351797181298
35250510158356000705550010001672361953122920
35250510158356000705550010001672371362691840
35250510158356000705550010001672381862425135
35250510158356000705550010001672391384984461
35250510158356000705550010001672401834425213
35250510158356000705550010001672411028855468
35250510158356000705550010001672421932788811
35250510158356000705550010001672431412295990
35250510158356000705550010001672441716300240
35250510158356000705550010001672451938807011
35250510158356000705550010001672461243336468
35250510158356000705550010001672471948863067
35250510158356000705550010001672481569989183
35250510158356000705550010001672491741499549
35250510158356000705550010001672501332137714
35250510158356000705550010001672511079141680
35250510158356000705550010001672521958846491
35250510158356000705550010001672531504825399
35250510158356000705550010001672541823915937
35250510158356000705550010001672551491117900
35250510158356000705550010001672561093181681
35250510158356000705550010001672571688272885
35250510158356000705550010001672581689272614
35250510158356000705550010001672591671695910
35250510158356000705550010001672601946907115
35250510158356000705550010001672611066729450
35250510158356000705550010001672621518494020
35250510158356000705550010001672631578501593
35250510158356000705550010001672641634901730
35250510158356000705550010001672651692549839
35250510158356000705550010001672661898324430
35250510158356000705550010001672671197168014
35250510158356000705550010001672681168779695
35250510158356000705550010001672691958433372
35250510158356000705550010001672701557858764
35250510158356000705550010001672711102004488
35250510158356000705550010001672721546551560
35250510158356000705550010001672731637586398
35250510158356000705550010001672741294563920
35250510158356000705550010001672751077928382
35250510158356000705550010001672761666025805
35250510158356000705550010001672771964086028
35250510158356000705550010001672781016310380
35250510158356000705550010001672791267738680
35250510158356000705550010001672801882439933
35250510158356000705550010001672811670706960
35250510158356000705550010001672821971852547
35250510158356000705550010001672831034157955
35250510158356000705550010001672841991129225
35250510158356000705550010001672851810465942
35250510158356000705550010001672861786923009
35250510158356000705550010001672871997041798
35250510158356000705550010001672881212836590
35250510158356000705550010001672891532350076
35250510158356000705550010001672901015667336
35250510158356000705550010001672911755711565
35250510158356000705550010001672921547933906
35250510158356000705550010001672931201202471
35250510158356000705550010001672941236466189
35250510158356000705550010001672951429195125
35250510158356000705550010001672961714371235
35250510158356000705550010001672971911156512
35250510158356000705550010001672981059842280
35250510158356000705550010001672991862965640
35250510158356000705550010001673001793971197
35250510158356000705550010001673011104069790
35250510158356000705550010001673021974501731
35250510158356000705550010001673031663278892
35250510158356000705550010001673041028242948
35250510158356000705550010001673051779682279
35250510158356000705550010001673061003768622
35250510158356000705550010001673071550905726
35250510158356000705550010001673081717270831
35250510158356000705550010001673091430055576
35250510158356000705550010001673101402551468
35250510158356000705550010001673111067421402
35250510158356000705550010001673121064333127
35250510158356000705550010001673131204596653
35250510158356000705550010001673141906720025
35250510158356000705550010001673151081154440
35250510158356000705550010001673161979367737
35250510158356000705550010001673171811534129
35250510158356000705550010001673181805701067
35250510158356000705550010001673191804499440
35250510158356000705550010001673201076208871
35250510158356000705550010001673211558804790
35250510158356000705550010001673221477527239
35250510158356000705550010001673231145198096
35250510158356000705550010001673241320368088
35250510158356000705550010001673251591359686
35250510158356000705550010001673261400147554
35250510158356000705550010001673271158395820
35250510158356000705550010001673281941278363
35250510158356000705550010001673291036876690
35250510158356000705550010001673301099525586
35250510158356000705550010001673311633438136
35250510158356000705550010001673321387738032
35250510158356000705550010001673331192719028
35250510158356000705550010001673341665139233
35250510158356000705550010001673351987233960
35250510158356000705550010001673361402093857
35250510158356000705550010001673371626187895
35250510158356000705550010001673381481928269
35250510158356000705550010001673391381248506
35250510158356000705550010001673401795774289
35250510158356000705550010001673411390902874
35250510158356000705550010001673421462454713
35250510158356000705550010001673431244362075
35250510158356000705550010001673441393621525
35250510158356000705550010001673451903628434
35250510158356000705550010001673461849497079
35250510158356000705550010001673471829509834
35250510158356000705550010001673481092302390
35250510158356000705550010001673491230081234
35250510158356000705550010001673501757039425
35250510158356000705550010001673511489056599
35250510158356000705550010001673521258464346
35250510158356000705550010001673531660799354
35250510158356000705550010001673541817424590
35250510158356000705550010001673551155045105
35250510158356000705550010001673561639552070
35250510158356000705550010001673571212080380
35250510158356000705550010001673581651963011
35250510158356000705550010001673591536231515
35250510158356000705550010001673601163294194
35250510158356000705550010001673611620834592
35250510158356000705550010001673621255639788
35250510158356000705550010001673631014971692
35250510158356000705550010001673641227410938
35250510158356000705550010001673651402622860
35250510158356000705550010001673661482933694
35250510158356000705550010001673671606919601
35250510158356000705550010001673681095867889
35250510158356000705550010001673691390730721
35250510158356000705550010001673701904414449
35250510158356000705550010001673711719296335
35250510158356000705550010001673721380397073
35250510158356000705550010001673731208159558
35250510158356000705550010001673741641361888
35250510158356000705550010001673751436129429
35250510158356000705550010001673761959923306
35250510158356000705550010001673771588094185
35250510158356000705550010001673781261134765
35250510158356000705550010001673791905768690
35250510158356000705550010001673801530381870
35250510158356000705550010001673811111115469
35250510158356000705550010001673821688674388
35250510158356000705550010001673831832963954
35250510158356000705550010001673841479182673
35250510158356000705550010001673851223113467
35250510158356000705550010001673861643843031
35250510158356000705550010001673871584136130
35250510158356000705550010001673881865379417
35250510158356000705550010001673891123773723
35250510158356000705550010001673901374547326
35250510158356000705550010001673911004169715
35250510158356000705550010001673921305185989
35250510158356000705550010001673931550931938
35250510158356000705550010001673941111322195
35250510158356000705550010001673951515166338
35250510158356000705550010001673961827272580
35250510158356000705550010001673971128916257
35250510158356000705550010001673981410978580
35250510158356000705550010001673991461722199
35250510158356000705550010001674001043686530
35250510158356000705550010001674011825393480
35250510158356000705550010001674021878143418
35250510158356000705550010001674031420585523
35250510158356000705550010001674041505619640
35250510158356000705550010001674051218959242
35250510158356000705550010001674061527850986
35250510158356000705550010001674071830435199
35250510158356000705550010001674081047160913
35250510158356000705550010001674091404808436
35250510158356000705550010001674101463125774
35250510158356000705550010001674111632395380
35250510158356000705550010001674121188658384
35250510158356000705550010001674131121070080
35250510158356000705550010001674141587787182
35250510158356000705550010001674151271687495
35250510158356000705550010001674161150352058
35250510158356000705550010001674171911751194
35250510158356000705550010001674181036707556
35250510158356000705550010001674191176648762
35250510158356000705550010001674201393524345
35250510158356000705550010001674211705138590
35250510158356000705550010001674221887439998
35250510158356000705550010001674231872275479
35250510158356000705550010001674241410691231
35250510158356000705550010001674251500857268
35250510158356000705550010001674261162674140
35250510158356000705550010001674271957736267
35250510158356000705550010001674281604367765
35250510158356000705550010001674291829372879
35250510158356000705550010001674301989659654
35250510158356000705550010001674311295082317
35250510158356000705550010001674321236076966
35250510158356000705550010001674331283858042
35250510158356000705550010001674341905162442
35250510158356000705550010001674351968304403
35250510158356000705550010001674361820067890
35250510158356000705550010001674371444393649
35250510158356000705550010001674381967058583
35250510158356000705550010001674391329598467
35250510158356000705550010001674401481773978
35250510158356000705550010001674411598338314
35250510158356000705550010001674421991740669
35250510158356000705550010001674431127195321
35250510158356000705550010001674441132869588
35250510158356000705550010001674451172910756
35250510158356000705550010001674461919135761
35250510158356000705550010001674471140327812
35250510158356000705550010001674481010477838
35250510158356000705550010001674491772386712
35250510158356000705550010001674501696069384
35250510158356000705550010001674511014906020
35250510158356000705550010001674521164863129
35250510158356000705550010001674531369107285
35250510158356000705550010001674541340579577
35250510158356000705550010001674551710571009
35250510158356000705550010001674561550847742
35250510158356000705550010001674571110158245
35250510158356000705550010001674581809674596
35250510158356000705550010001674591616636177
35250510158356000705550010001674601396819082
35250510158356000705550010001674611339246122
35250510158356000705550010001674621766137376
35250510158356000705550010001674631979213972
35250510158356000705550010001674641136317019
35250510158356000705550010001674651270873165
35250510158356000705550010001674661522565041
35250510158356000705550010001674671433871535
35250510158356000705550010001674681398943439
35250510158356000705550010001674691423224760
35250510158356000705550010001674701449430830
35250510158356000705550010001674711365775451
35250510158356000705550010001674721509898838
35250510158356000705550010001674731021431438
35250510158356000705550010001674741665813237
35250510158356000705550010001674751286826192
35250510158356000705550010001674761063144218
35250510158356000705550010001674771835875531
35250510158356000705550010001674781211102261
35250510158356000705550010001674791540202310
35250510158356000705550010001674801722504762
35250510158356000705550010001674811392401334
35250510158356000705550010001674821353504869
35250510158356000705550010001674831044359616
35250510158356000705550010001674841583659222
35250510158356000705550010001674851460468523
35250510158356000705550010001674861151776271
35250510158356000705550010001674871845772790
35250510158356000705550010001674881040139820
35250510158356000705550010001674891488929168
35250510158356000705550010001674901847879016
35250510158356000705550010001674911758203235
35250510158356000705550010001674921189426577
35250510158356000705550010001674931416035040
35250510158356000705550010001674941174805741
35250510158356000705550010001674951711401374
35250510158356000705550010001674961224256210
35250510158356000705550010001674971964976973
35250510158356000705550010001674981383020274
35250510158356000705550010001674991980800048
35250510158356000705550010001675001722265916
35250510158356000705550010001675011239007778
35250510158356000705550010001675021057861800
35250510158356000705550010001675031931958061
35250510158356000705550010001675041804052796
35250510158356000705550010001675051574388086
35250510158356000705550010001675061097536500
35250510158356000705550010001675071860164261
35250510158356000705550010001675081459630190
35250510158356000705550010001675091784272253
35250510158356000705550010001675101225882743
35250510158356000705550010001675111241236602
35250510158356000705550010001675121704780899
35250510158356000705550010001675131295667363
35250510158356000705550010001675141556561854
35250510158356000705550010001675151456678773
35250510158356000705550010001675161431924506
35250510158356000705550010001675171710243421
35250510158356000705550010001675181609648435
35250510158356000705550010001675191786495698
35250510158356000705550010001675201727290385
35250510158356000705550010001675211827719453
35250510158356000705550010001675221269465570
35250510158356000705550010001675231374644923
35250510158356000705550010001675241783512192
35250510158356000705550010001675251507448130
35250510158356000705550010001675261828071917
35250510158356000705550010001675271652748712
35250510158356000705550010001675281580102061
35250510158356000705550010001675291436673950
35250510158356000705550010001675301006569040
35250510158356000705550010001675311871090383
35250510158356000705550010001675321565944700
35250510158356000705550010001675331640157290
35250510158356000705550010001675341744646015
35250510158356000705550010001675351119633637
35250510158356000705550010001675361817310750
35250510158356000705550010001675371331569879
35250510158356000705550010001675381057287180
35250510158356000705550010001675391739953831
35250510158356000705550010001675401967897392
35250510158356000705550010001675411064664339
35250510158356000705550010001675421986480331
35250510158356000705550010001675431660636069
35250510158356000705550010001675441555440866
35250510158356000705550010001675451733162562
35250510158356000705550010001675461047664136
35250510158356000705550010001675471966807650
35250510158356000705550010001675481425379783
35250510158356000705550010001675491524575014
35250510158356000705550010001675501770792159
35250510158356000705550010001675511752450370
35250510158356000705550010001675521133979635
35250510158356000705550010001675531557333098
35250510158356000705550010001675541133429621
35250510158356000705550010001675551743633556
35250510158356000705550010001675561351391930
35250510158356000705550010001675571345614149
35250510158356000705550010001675581518169297
35250510158356000705550010001675591560663943
35250510158356000705550010001675601042168482
35250510158356000705550010001675611986815215
35250510158356000705550010001675621235650221
35250510158356000705550010001675631520742888
35250510158356000705550010001675641399281860
35250510158356000705550010001675651092598061
35250510158356000705550010001675661960173409
35250510158356000705550010001675671685307516
35250510158356000705550010001675681756760452
35250510158356000705550010001675691735254547
35250510158356000705550010001675701953115043
35250510158356000705550010001675711406824171
35250510158356000705550010001675721378409303
35250510158356000705550010001675731270940412
35250510158356000705550010001675741446497262
35250510158356000705550010001675751973054690
35250510158356000705550010001675761486001491
35250510158356000705550010001675771597240980
35250510158356000705550010001675781692430712
35250510158356000705550010001675791745280873
35250510158356000705550010001675801176811471
35250510158356000705550010001675811859396852
35250510158356000705550010001675821797925331
35250510158356000705550010001675831412721240
35250510158356000705550010001675841157474111
35250510158356000705550010001675851861866401
35250510158356000705550010001675861607102443
35250510158356000705550010001675871933495069
35250510158356000705550010001675881428304356
35250510158356000705550010001675891770370194
35250510158356000705550010001675901735846448
35250510158356000705550010001675911756220260
35250510158356000705550010001675921827349127
35250510158356000705550010001675931634176228
35250510158356000705550010001675941531164003
35250510158356000705550010001675951097991984
35250510158356000705550010001675961280153388
35250510158356000705550010001675971749305852
35250510158356000705550010001675981908495380
35250510158356000705550010001675991688734206
35250510158356000705550010001676001230889695
35250510158356000705550010001676011716166840
35250510158356000705550010001676021851774914
35250510158356000705550010001676051927076378
35250510158356000705550010001676161928121087
35250510158356000705550010001676251788385426
35250510158356000705550010001676271722462443
35250510158356000705550010001676281804613132
35250510158356000705550010001676291083423474
35250510158356000705550010001676301055000794
35250510158356000705550010001676311256502662
35250510158356000705550010001676321489780646
35250510158356000705550010001676331566614560
35250510158356000705550010001676341039417782
35250510158356000705550010001676351322991610
35250510158356000705550010001676361402863276
35250510158356000705550010001676371368682739
35250510158356000705550010001676381269379733
35250510158356000705550010001676391110860775
35250510158356000705550010001676401566120287
35250510158356000705550010001676411345058861
35250510158356000705550010001676421994842307
35250510158356000705550010001676431681492363
35250510158356000705550010001676441697930494
35250510158356000705550010001676451229366759
35250510158356000705550010001676461813222343
35250510158356000705550010001676471226252315
35250510158356000705550010001676481709561662
35250510158356000705550010001676491357688871
35250510158356000705550010001676501178302732
35250510158356000705550010001676901135590693
35250510158356000705550010001677231080615536
35250510158356000705550010001677411149545203
35250510158356000705550010001677431230384677
35250510158356000705550010001677501428199106
35250510158356000705550010001677981214464503
35250510158356000705550010001677991177362550
35250510158356000705550010001678471363837332
35250510158356000705550010001678641416056292
35250510158356000705550010001678681204728393
35250510158356000705550010001678721139922103
35250510158356000705550010001678751245402209
35250510158356000705550010001678791513302904
35250510158356000705550010001678811501698539
35250510158356000705550010001678901529525115
35250510158356000705550010001679001341198760
35250510158356000705550010001679131823118510
35250510158356000705550010001679211971600737
35250510158356000705550010001679221378834489
35250510158356000705550010001679231582076217
35250510158356000705550010001679241430575048
35250510158356000705550010001679251204678157
35250510158356000705550010001679261429251964
35250510158356000705550010001679321223037247
35250510158356000705550010001679351278086438
35250510158356000705550010001679431114326446
35250510158356000705550010001679611136458963
35250510158356000705550010001679691274590881
35250510158356000705550010001679731693664755
35250510158356000705550010001679771184353106
35250510158356000705550010001679801006366622
35250510158356000705550010001679841305918979
35250510158356000705550010001680271155088223
35250510158356000705550010001680301489232697
35250510158356000705550010001680361551587400
35250510158356000705550010001680371630439150
35250510158356000705550010001680521581793001
35250510158356000705550010001680611150139298
35250510158356000705550010001680721194541974
35250510158356000705550010001681061102488729
35250510158356000705550010001681131099102467
35250510158356000705550010001681191400870115
35250510158356000705550010001681611190466210
35250510158356000705550010001681651997531436
35250510158356000705550010001681661060884840
35250510158356000705550010001681891177677378
35250510158356000705550010001681921809037405
35250510158356000705550010001681981855571587
35250510158356000705550010001682141153979824
35250510158356000705550010001682321408369650
35250510158356000705550010001682361651632491
35250510158356000705550010001682471745935688
35250510158356000705550010001683011401954440
35250510158356000705550010001683021936028417
35250510158356000705550010001683261183735644
35250510158356000705550010001683691486015246
35250510158356000705550010001685461358175336
35250510158356000705550010001685571127823301
35250510158356000705550010001685631179394891
35250510158356000705550010001685661712027105
35250510158356000705550010001685791822380100
35250510158356000705550010001685891872229002
35250510158356000705550010001686001059778574
35250510158356000705550010001686011396997139
35250510158356000705550010001686021041739318
35250510158356000705550010001686601683447506
35250510158356000705550010001686611700102971
35250510158356000705550010001686621629670850
35250510158356000705550010001686681919255905
35250510158356000705550010001686881635085412
35250510158356000705550010001686891883160918
35250510158356000705550010001687151586394010
35250510158356000705550010001687161569290170
35250510158356000705550010001687171797526140
35250510158356000705550010001687201807723887
35250510158356000705550010001687301615844259
35250510158356000705550010001687351344009711
35250510158356000705550010001687371820586216
35250510158356000705550010001687381876374831
35250510158356000705550010001687401267843694
35250510158356000705550010001687411455304115
35250510158356000705550010001687421421872886
35250510158356000705550010001687431710685446
35250510158356000705550010001687441224561645
35250510158356000705550010001687501516794922
35250510158356000705550010001687551980828020
35250510158356000705550010001687691287145699
35250510158356000705550010001687901667163706
35250510158356000705550010001687931436884272
35250510158356000705550010001687991965099785
35250510158356000705550010001688021467668653
35250510158356000705550010001688061211473046
35250510158356000705550010001688641144765633
35250510158356000705550010001688881443228356
35250510158356000705550010001689051755517755
35250510158356000705550010001689241067534741
35250510158356000705550010001689251527521793
35250510158356000705550010001689281790264854
35250510158356000705550010001689341042142323
35250510158356000705550010001689621704994595
35250510158356000705550010001689631288301810
35250510158356000705550010001689641410766336
35250510158356000705550010001689651231681309
35250510158356000705550010001689671539691451
35250510158356000705550010001689711740201094
35250510158356000705550010001689801477220622
35250510158356000705550010001690001654511009
35250510158356000705550010001690161778078269
35250510158356000705550010001690251514457191
35250510158356000705550010001690391158459520
35250510158356000705550010001690461184573363
35250510158356000705550010001690471536870625
35250510158356000705550010001690521579897282
35250510158356000705550010001690621367358783
35250510158356000705550010001690681418172510
35250510158356000705550010001690841561838504
35250510158356000705550010001690851063415781
35250510158356000705550010001690861004583042
35250510158356000705550010001690921318807854
35250510158356000705550010001690951829380289
35250510158356000705550010001690961350520580
35250510158356000705550010001690981052899233
35250510158356000705550010001690991170892805
35250510158356000705550010001691041446630593
35250510158356000705550010001691111304980599
35250510158356000705550010001691181721250372
35250510158356000705550010001691211509664121
35250510158356000705550010001691281762437597
35250510158356000705550010001691311142886250
35250510158356000705550010001691461678758670
35250510158356000705550010001691531941546474
35250510158356000705550010001691541018721835
35250510158356000705550010001691581295851449
35250510158356000705550010001691601952772165
35250510158356000705550010001691621842440308
35250510158356000705550010001692491609483281
35250510158356000705550010001692571930747982
35250510158356000705550010001692621340016726
35250510158356000705550010001692641583734335
35250510158356000705550010001692781189318927
35250510158356000705550010001692861735315221
35250510158356000705550010001692891655203852
35250510158356000705550010001692971206846570
35250510158356000705550010001693011043632740
35250510158356000705550010001693071901762697
35250510158356000705550010001693091872275015
35250510158356000705550010001693111766410921
35250510158356000705550010001693401096331913
35250510158356000705550010001693501580688545
35250510158356000705550010001693691408840670
35250510158356000705550010001693781317504022
35250510158356000705550010001693851411694810
35250510158356000705550010001693931047914823
35250510158356000705550010001694051941402587
35250510158356000705550010001694081530193960
35250510158356000705550010001694091184432288
35250510158356000705550010001694101476799085
35250510158356000705550010001694181471308863
35250510158356000705550010001694201135631016
35250510158356000705550010001694231701907836
35250510158356000705550010001694241742847932
35250510158356000705550010001694311000334769
35250510158356000705550010001694381362007237
35250510158356000705550010001694401745312146
35250510158356000705550010001694421850580613
35250510158356000705550010001694431773042567
35250510158356000705550010001694471635625752
35250510158356000705550010001694561118090099
35250510158356000705550010001694651097122980
35250510158356000705550010001694991619946139
35250510158356000705550010001695071509093275
35250510158356000705550010001695231570647815
35250510158356000705550010001695241168488276
35250510158356000705550010001695271261290423
35250510158356000705550010001695301714202267
35250510158356000705550010001695471521168994
35250510158356000705550010001695521062855644
35250510158356000705550010001695691104471471
35250510158356000705550010001695781785883503
35250510158356000705550010001695791361230380
35250510158356000705550010001695891382217576
35250510158356000705550010001695921546055617
35250510158356000705550010001695991479905724
35250510158356000705550010001696041192042439
35250510158356000705550010001696061203261195
35250510158356000705550010001696121747763540
35250510158356000705550010001696231253312797
35250510158356000705550010001696351150167701
35250510158356000705550010001696421965804612
35250510158356000705550010001696511824892565
35250510158356000705550010001696641373814792
35250510158356000705550010001696731326254297
35250510158356000705550010001696741240163568
35250510158356000705550010001696761892516084
35250510158356000705550010001696811689416429
35250510158356000705550010001696841175113111
35250510158356000705550010001696891311084242
35250510158356000705550010001696901478037400
35250510158356000705550010001696911727970498
35250510158356000705550010001696971183862533
35250510158356000705550010001697041341177301
35250510158356000705550010001697221996130152
35250510158356000705550010001697231627011915
35250510158356000705550010001697291796959480
35250510158356000705550010001697321695674249
35250510158356000705550010001697331240902401
35250510158356000705550010001697371630105025
35250510158356000705550010001697451170862792
35250510158356000705550010001697551180687892
35250510158356000705550010001697561759113244
35250510158356000705550010001697841569357422
35250510158356000705550010001698071208991726
35250510158356000705550010001698131085209240
35250510158356000705550010001698141067942095
35250510158356000705550010001698151988426871
35250510158356000705550010001698211861616900
35250510158356000705550010001698221467039220
35250510158356000705550010001698251747557869
35250510158356000705550010001698361064162630
35250510158356000705550010001698441610123176
35250510158356000705550010001698481566444617
35250510158356000705550010001698561178166018
35250510158356000705550010001698621248239571
35250510158356000705550010001698631771492950
35250510158356000705550010001698711156381729
35250510158356000705550010001698761893916001
35250510158356000705550010001698781569983500
35250510158356000705550010001698801837143828
35250510158356000705550010001698821944014562
35250510158356000705550010001698831123806233
35250510158356000705550010001698931727933598
35250510158356000705550010001698951312252422
35250510158356000705550010001698991339886960
35250510158356000705550010001699031614869949
35250510158356000705550010001699061942743404
35250510158356000705550010001699111783741852
35250510158356000705550010001699321991861075
35250510158356000705550010001699331898967044
35250510158356000705550010001699361629241089
35250510158356000705550010001699951024354926
35250510158356000705550010001699961573042742
35250510158356000705550010001699991789248863
35250510158356000705550010001700041758816819
35250510158356000705550010001700091537877366
35250510158356000705550010001700111126597031
35250510158356000705550010001700121543068798
35250510158356000705550010001700151661513602
35250510158356000705550010001700171529191860
35250510158356000705550010001700191008680239
35250510158356000705550010001700241642659477
35250510158356000705550010001700301150624413
35250510158356000705550010001700711988825057
35250510158356000705550010001700721243556841
35250510158356000705550010001700751916288593
35250510158356000705550010001700791786251554
35250510158356000705550010001700821769739019
35250510158356000705550010001700871305103570
35250510158356000705550010001700991240962435
35250510158356000705550010001701081615391770
35250510158356000705550010001701091169182663
35250510158356000705550010001701121420929294
35250510158356000705550010001701321518347520
35250510158356000705550010001701331420071931
35250510158356000705550010001701421284619020
35250510158356000705550010001701461970425211
35250510158356000705550010001701471587228015
35250510158356000705550010001701551702396584
35250510158356000705550010001701681879429924
35250510158356000705550010001701711972716917
35250510158356000705550010001701721369051825
35250510158356000705550010001701741228234227
35250510158356000705550010001701881364042356
35250510158356000705550010001701891067391744
35250510158356000705550010001701901531457389
35250510158356000705550010001701931242984691
35250510158356000705550010001701951805781745
35250510158356000705550010001702021165848580
35250510158356000705550010001702071411911596
35250510158356000705550010001702171842467314
35250510158356000705550010001702181341767703
35250510158356000705550010001702311915025633
35250510158356000705550010001702361905781008
35250510158356000705550010001702391222509921
35250510158356000705550010001702481498136355
35250510158356000705550010001702541094263859
35250510158356000705550010001702551638688503
35250510158356000705550010001702591433386580
35250510158356000705550010001702841364582934
35250510158356000705550010001702981391314282
35250510158356000705550010001703511250392073
35250510158356000705550010001703541300427870
35250510158356000705550010001703601249672202
35250510158356000705550010001703611674732366
35250510158356000705550010001703621429312845
35250510158356000705550010001703631308967570
35250510158356000705550010001703641964730236
35250510158356000705550010001703651037864732
35250510158356000705550010001703661872243015
35250510158356000705550010001703741166281414
35250510158356000705550010001703781473221116
35250510158356000705550010001703841041611962
35250510158356000705550010001704421597214475
35250510158356000705550010001704521411920222
35250510158356000705550010001704631352311052
35250510158356000705550010001704741390076336
35250510158356000705550010001704771731595178
35250510158356000705550010001704811786038346
35250510158356000705550010001705031883778528
35250510158356000705550010001705061553628222
35250510158356000705550010001705231280131215
35250510158356000705550010001705881299886445
35250510158356000705550010001705891409476200
35250510158356004018550010003348881165607057
35250400434116000309550000004015911713889095
29250502036483000614550010004054551436581631
29250502036483000614550010004054561380251108
29250502036483000614550010004054571279457100
29250502036483000614550010004054581742441681
29250502036483000614550010004054591067650041
29250502036483000614550010004054601915398870
29250502036483000614550010004054611259546607
29250502036483000614550010004054621745604568
29250502036483000614550010004054631932791098
29250502036483000614550010004054651714459886
29250502036483000614550010004054661864510744
29250502036483000614550010004054681437385753
29250502036483000614550010004054801486725265
35250467945071000138550010005702071001733987
42250510158356000101550020018451651499521510
42250510158356000101550020018519151621318520
35250457497539000115550010026404451183336708
35250457497539000115550010026404461743565488
35250457497539000115550010026404471700133893
35250557497539000115550010026435921555478110
35250557497539000115550010026435961532175935
35250557497539000115550010026435971972122837
35250560500246001630550010033695461956196819
35250560500246001630550010033695471467630238
35250560500246001630550010033695481822069701
35250560500246001630550010033695491001549154
35250560500246001630550010033695501259256618
35250560500246001630550010033695511229090468
35250560500246001630550010033696281947491843
35250454651716001150550000075091851783127159
42250510158356007386550010000000861636405142
42230411734601000144550300000020491151000364
35250612520152000102550010000095571290114743
35250515798204000197550010000102281304750689
35250510158356004360550010000127581860198908
35250510158356004360550010000127591246175870
35250510158356004360550010000129861366849842
35250510158356004360550010000199531024973656
35250634553712000150550010000718281002965375
35250447287461000150550010001227731642372794
35250610158356000705550010001746711021958657
35250610158356000705550010001747951590148193
35250610158356000705550010001752951917802452
35250610158356000705550010001766391370904910
35250610158356000705550010001771331258091583
35250610158356000705550010001778561416223542
35250610158356000705550010001778741227100654
35250610158356000705550010001779031334265227
35250610158356000705550010001779061152370493
35250610158356000705550010001779071066282503
35250610158356000705550010001779081628017456
35250610158356000705550010001779331715680733
35250610158356000705550010001779341209294710
35250610158356000705550010001779351177092618
35250610158356000705550010001779361613752419
35250610158356000705550010001779371239039230
35250610158356000705550010001779381108534412
35250610158356000705550010001779391048402202
35250610158356000705550010001779401967202822
35250610158356000705550010001779411574387395
35250610158356000705550010001779421905485663
35250610158356000705550010001779431198173210
35250610158356000705550010001779441511043984
35250610158356000705550010001779451242208235
35250610158356000705550010001779461968557407
35250610158356000705550010001779471544546162
35250610158356000705550010001779481953761393
35250610158356000705550010001779491021842518
35250610158356000705550010001779501639346611
35250610158356000705550010001779511579712665
35250610158356000705550010001779521342252982
35250610158356000705550010001779531646254338
35250610158356000705550010001779541068556910
35250610158356000705550010001779551160173337
35250610158356000705550010001779561514105027
35250610158356000705550010001779571569881530
35250610158356000705550010001779581070190358
35250610158356000705550010001779591558789284
35250610158356000705550010001779601869398423
35250610158356000705550010001779611251579260
35250610158356000705550010001779621278921919
35250610158356000705550010001779631146305401
35250610158356000705550010001779641744985756
35250610158356000705550010001779651877135912
35250610158356000705550010001779661434078615
35250610158356000705550010001779671448928044
35250610158356000705550010001779681023972635
35250610158356000705550010001779691312046257
35250610158356000705550010001779701504436003
35250610158356000705550010001779711043659970
35250610158356000705550010001779721945659041
35250610158356000705550010001779731742499349
35250610158356000705550010001779741470852645
35250610158356000705550010001779751629742475
35250610158356000705550010001779761219644136
35250610158356000705550010001779771479906090
35250610158356000705550010001779781855782875
35250610158356000705550010001779791247930689
35250610158356000705550010001779801093155274
35250610158356000705550010001779811170192849
35250610158356000705550010001779821474599334
35250610158356000705550010001779831656017524
35250610158356000705550010001779841845551223
35250610158356000705550010001779851479415225
35250610158356000705550010001779861288397939
35250610158356000705550010001779871254706138
35250610158356000705550010001779881252582803
35250610158356000705550010001779891450385963
35250610158356000705550010001779901893255903
35250610158356000705550010001779911292672655
35250610158356000705550010001779921770922906
35250610158356000705550010001779931204435030
35250610158356000705550010001779941311032395
35250610158356000705550010001779951027365250
35250610158356000705550010001779961932190874
35250610158356000705550010001779971295518090
35250610158356000705550010001779981582177224
35250610158356000705550010001779991463565120
35250610158356000705550010001780001614001622
35250610158356000705550010001780011190522920
35250610158356000705550010001780021676187201
35250610158356000705550010001780031418432740
35250610158356000705550010001780041505590014
35250610158356000705550010001780051520847460
35250610158356000705550010001780061034415166
35250610158356000705550010001780071804005140
35250610158356000705550010001780081535230295
35250610158356000705550010001780091095261039
35250610158356000705550010001780111029113009
35250610158356000705550010001780121524442868
35250610158356000705550010001780131262070354
35250610158356000705550010001780141513296959
35250610158356000705550010001780151694163961
35250610158356000705550010001780161255073957
35250610158356000705550010001780171284763297
35250610158356000705550010001780181450397183
35250610158356000705550010001796861659773324
35250610158356000705550010001797531725859699
35250610158356000705550010001797681156169734
35250610158356000705550010001797691403771866
35250610158356000705550010001797891917444449
35250610158356000705550010001797911080988207
35250610158356000705550010001797921681628644
35250610158356000705550010001797931743116266
35250610158356000705550010001797941546956340
35250610158356000705550010001797951348637318
35250610158356000705550010001797961615680861
35250610158356000705550010001797971101098098
35250610158356000705550010001797981149815722
35250610158356000705550010001797991985433526
35250610158356000705550010001798001628289060
35250610158356000705550010001798011605026389
35250610158356000705550010001798021527290220
35250610158356000705550010001798031911134708
35250610158356000705550010001798041576082230
35250610158356000705550010001798051348622319
35250610158356000705550010001798061830833578
35250610158356000705550010001798071455132069
35250610158356000705550010001798081784589678
35250610158356000705550010001798091185982108
35250610158356000705550010001798101602304387
35250610158356000705550010001798111047759487
35250610158356000705550010001798121055438420
35250610158356000705550010001798131378431874
35250610158356000705550010001798141607922312
35250610158356000705550010001798151882019609
35250610158356000705550010001798161926324999
35250610158356000705550010001798171252681498
35250610158356000705550010001798181639285783
35250610158356000705550010001798191016535615
35250610158356000705550010001798201707130172
35250610158356000705550010001798211134820075
35250610158356000705550010001798221719698912
35250610158356000705550010001798231933267215
35250610158356000705550010001798241916739187
35250610158356000705550010001798251528103371
35250610158356000705550010001798261316782876
35250610158356000705550010001798271250886200
35250610158356000705550010001798281856144980
35250610158356000705550010001798291382646316
35250610158356000705550010001798301604186872
35250610158356000705550010001798311607091659
35250610158356000705550010001798321304086893
35250610158356000705550010001798331993142229
35250610158356000705550010001798341649429641
35250610158356000705550010001798351620375303
35250610158356000705550010001798361827214454
35250610158356000705550010001798371642366158
35250610158356000705550010001798381530987190
35250610158356000705550010001798391478457260
35250610158356000705550010001798401494185822
35250610158356000705550010001798411406589265
35250610158356000705550010001798421303263488
35250610158356000705550010001798431052606867
35250610158356000705550010001798441839364415
35250610158356000705550010001798451279704892
35250610158356000705550010001798461697588666
35250610158356000705550010001798471246806631
35250610158356000705550010001798481038077859
35250610158356000705550010001798491890711891
35250610158356000705550010001798501638394616
35250610158356000705550010001798511187686852
35250610158356000705550010001798521054528986
35250610158356000705550010001798531891492266
35250610158356000705550010001798541909401582
35250610158356000705550010001798551369275806
35250610158356000705550010001798561889364401
35250610158356000705550010001798571731348832
35250610158356000705550010001798581628788733
35250610158356000705550010001798591903623415
35250610158356000705550010001798601943968317
35250610158356000705550010001798611139974220
35250610158356000705550010001798621419359522
35250610158356000705550010001798631013626162
35250610158356000705550010001798641903143316
35250610158356000705550010001798651528924010
35250610158356000705550010001798661843118579
35250610158356000705550010001798671917766533
35250610158356000705550010001798681584050692
35250610158356000705550010001798691827821556
35250610158356000705550010001798701217669476
35250610158356000705550010001798711343415612
35250610158356000705550010001798721052994028
35250610158356000705550010001798731974075967
35250610158356000705550010001798741329845224
35250610158356000705550010001798751702313153
35250610158356000705550010001798761501697261
35250610158356000705550010001798771692823183
35250610158356000705550010001798781567940460
35250610158356000705550010001798791079835347
35250610158356000705550010001798801843619909
35250610158356000705550010001798811903690555
35250610158356000705550010001798821478319321
35250610158356000705550010001798831690633600
35250610158356000705550010001798841336284115
35250610158356000705550010001798851489611810
35250610158356000705550010001798861467353913
35250610158356000705550010001798871472640981
35250610158356000705550010001798881503202821
35250610158356000705550010001798891443929035
35250610158356000705550010001798901191764895
35250610158356000705550010001798921846462262
35250610158356000705550010001798931482464393
35250610158356000705550010001798941028588616
35250610158356000705550010001798951801545756
35250610158356000705550010001798961101767478
35250610158356000705550010001798971928089650
35250610158356000705550010001798981666996513
35250610158356000705550010001798991937684030
35250610158356000705550010001799001905286856
35250610158356000705550010001799011321116311
35250610158356000705550010001799021871046046
35250610158356000705550010001799031167733012
35250610158356000705550010001799041936178205
35250610158356000705550010001799051922817577
35250610158356000705550010001799061259788494
35250610158356000705550010001799071864724650
35250610158356000705550010001799081645659613
35250610158356000705550010001799091680017115
35250610158356000705550010001799101188110795
35250610158356000705550010001799111907830719
35250610158356000705550010001799121369963662
35250610158356000705550010001799131240404156
35250610158356000705550010001799141044983162
35250610158356000705550010001799151961549770
35250610158356000705550010001799161606903276
35250610158356000705550010001799171959412857
35250610158356000705550010001799181620043518
35250610158356000705550010001799191578312452
35250610158356000705550010001799201229108338
35250610158356000705550010001799211811376762
35250610158356000705550010001799221501666832
35250610158356000705550010001799231596661245
35250610158356000705550010001799241270460805
35250610158356000705550010001799251433513489
35250610158356000705550010001799261069622067
35250610158356000705550010001799271910466186
35250610158356000705550010001799281981624571
35250610158356000705550010001799291498475351
35250610158356000705550010001799301966627261
35250610158356000705550010001799311521044747
35250610158356000705550010001799321595789662
35250610158356000705550010001799331471206506
35250610158356000705550010001799341371922444
35250610158356000705550010001799351814465699
35250610158356000705550010001799361214277589
35250610158356000705550010001799371545473366
35250610158356000705550010001799381121742626
35250610158356000705550010001799391092751712
35250610158356000705550010001799401630009100
35250610158356000705550010001799411658874628
35250610158356000705550010001799421535099305
35250610158356000705550010001799431590573819
35250610158356000705550010001799441071292034
35250610158356000705550010001799451527029486
35250610158356000705550010001799461159129575
35250610158356000705550010001799471020041680
35250610158356000705550010001799481993000597
35250610158356000705550010001799491942495413
35250610158356000705550010001799501602046338
35250610158356000705550010001799511906174511
35250610158356000705550010001799521890477741
35250610158356000705550010001799531620513459
35250610158356000705550010001799541239454229
35250610158356000705550010001799551297757902
35250610158356000705550010001799561807854707
35250610158356000705550010001799571038688003
35250610158356000705550010001799581920697683
35250610158356000705550010001799591001508901
35250610158356000705550010001799601087008075
35250610158356000705550010001799611121989182
35250610158356000705550010001799621346394116
35250610158356000705550010001799631765806615
35250610158356000705550010001799641136219797
35250610158356000705550010001799651875569850
35250610158356000705550010001799661160725316
35250610158356000705550010001799671532340086
35250610158356000705550010001799681891373451
35250610158356000705550010001799691520164568
35250610158356000705550010001799701548159640
35250610158356000705550010001799711968170601
35250610158356000705550010001799721008325693
35250610158356000705550010001799731830002631
35250610158356000705550010001799741980568700
35250610158356000705550010001799751632673925
35250610158356000705550010001799761092614310
35250610158356000705550010001799771794456053
35250610158356000705550010001799781451507057
35250610158356000705550010001799791098837231
35250610158356000705550010001799801733856650
35250610158356000705550010001799811889161614
35250610158356000705550010001799821220089988
35250610158356000705550010001799831248957604
35250610158356000705550010001799841183493908
35250610158356000705550010001799851715579086
35250610158356000705550010001799861063224580
35250610158356000705550010001799871252804646
35250610158356000705550010001799881829286543
35250610158356000705550010001799891559930752
35250610158356000705550010001799901865140519
35250610158356000705550010001799911976801316
35250610158356000705550010001799921839224977
35250610158356000705550010001799931608261750
35250610158356000705550010001799941607706241
35250610158356000705550010001799951763752511
35250610158356000705550010001799961108490361
35250610158356000705550010001799971309172941
35250610158356000705550010001799981184497740
35250610158356000705550010001799991069242619
35250610158356000705550010001800001265295828
35250610158356000705550010001800011922522377
35250610158356000705550010001800021132511028
35250610158356000705550010001800031793249739
35250610158356000705550010001800041536641491
35250610158356000705550010001800051262442702
35250610158356000705550010001800061541818617
35250610158356000705550010001800071275309121
35250610158356000705550010001800081960092784
35250610158356000705550010001800091466820798
35250610158356000705550010001800101207452203
35250610158356000705550010001800111008592843
35250610158356000705550010001800121818571182
35250610158356000705550010001800131461005711
35250610158356000705550010001800141959432167
35250610158356000705550010001800151468264067
35250610158356000705550010001800161049753996
35250610158356000705550010001800171049662262
35250610158356000705550010001800181808083170
35250610158356000705550010001800191782359295
35250610158356000705550010001800201075815807
35250610158356000705550010001800211516429560
35250610158356000705550010001800221826796844
35250610158356000705550010001800231641221435
35250610158356000705550010001800241243377270
35250610158356000705550010001800251330914280
35250610158356000705550010001800261261013603
35250610158356000705550010001800271445415051
35250610158356000705550010001800281491772950
35250610158356000705550010001800291661011375
35250610158356000705550010001800301501244992
35250610158356000705550010001800311948661411
35250610158356000705550010001800321336646192
35250610158356000705550010001800331424577076
35250610158356000705550010001800341752300604
35250610158356000705550010001800351855501839
35250610158356000705550010001800361449380480
35250610158356000705550010001800371719388427
35250610158356000705550010001800381673157751
35250610158356000705550010001800391562937403
35250610158356000705550010001800401208632611
35250610158356000705550010001800411226846951
35250610158356000705550010001800421724388677
35250610158356000705550010001800431864248697
35250610158356000705550010001800441284392250
35250610158356000705550010001800451806419888
35250610158356000705550010001800461722355274
35250610158356000705550010001800471646069722
35250610158356000705550010001800481182027218
35250610158356000705550010001800491905520454
35250610158356000705550010001800501691443480
35250610158356000705550010001800511449309340
35250610158356000705550010001800521241121672
35250610158356000705550010001800531713917693
35250610158356000705550010001800541284111940
35250610158356000705550010001800551185079035
35250610158356000705550010001800561005250340
35250610158356000705550010001800571313383151
35250610158356000705550010001800581325691864
35250610158356000705550010001800591597837416
35250610158356000705550010001800601012849475
35250610158356000705550010001800611034555811
35250610158356000705550010001800621336884165
35250610158356000705550010001800631544650187
35250610158356000705550010001800641687079359
35250610158356000705550010001800651458850631
35250610158356000705550010001800661422145250
35250610158356000705550010001800671493753439
35250610158356000705550010001800681462746780
35250610158356000705550010001800691293130483
35250610158356000705550010001800701160366690
35250610158356000705550010001800711835936348
35250610158356000705550010001800721259398571
35250610158356000705550010001800731923362895
35250610158356000705550010001800741672177453
35250610158356000705550010001800751988672087
35250610158356000705550010001800761910866247
35250610158356000705550010001800771980953154
35250610158356000705550010001800781382332633
35250610158356000705550010001800791351157470
35250610158356000705550010001800801461080341
35250610158356000705550010001800811321344351
35250610158356000705550010001800821900569549
35250610158356000705550010001800831563343351
35250610158356000705550010001800841529557635
35250610158356000705550010001800851966398582
35250610158356000705550010001800861030604981
35250610158356000705550010001800871468698937
35250610158356000705550010001800881429674558
35250610158356000705550010001800891208330888
35250610158356000705550010001800901993375075
35250610158356000705550010001800911594783258
35250610158356000705550010001800921549763119
35250610158356000705550010001800931489903081
35250610158356000705550010001800941120887550
35250610158356000705550010001800951717825297
35250610158356000705550010001800961671922276
35250610158356000705550010001800971943294056
35250610158356000705550010001800981683463543
35250610158356000705550010001800991042528892
35250610158356000705550010001801001386524602
35250610158356000705550010001801011024739321
35250610158356000705550010001801021165968618
35250610158356000705550010001801031847339485
35250610158356000705550010001801041464376792
35250610158356000705550010001801051855335374
35250610158356000705550010001801061999653125
35250610158356000705550010001801071931711453
35250610158356000705550010001801081784583992
35250610158356000705550010001801091402196630
35250610158356000705550010001801101716660314
35250610158356000705550010001801111523486786
35250610158356000705550010001801121801432473
35250610158356000705550010001801131739456880
35250610158356000705550010001801141970733840
35250610158356000705550010001801151612424084
35250610158356000705550010001801161134807405
35250610158356000705550010001801171667826928
35250610158356000705550010001801181627404590
35250610158356000705550010001801191142258387
35250610158356000705550010001801201409311173
35250610158356000705550010001801211751189197
35250610158356000705550010001801221027157250
35250610158356000705550010001801231451869227
35250610158356000705550010001801241070294072
35250610158356000705550010001801251829661726
35250610158356000705550010001801261602587090
35250610158356000705550010001801271619294616
35250610158356000705550010001801281086343646
35250610158356000705550010001801291895804369
35250610158356000705550010001801301273159070
35250610158356000705550010001801311777988794
35250610158356000705550010001801321290723454
35250610158356000705550010001801331144242088
35250610158356000705550010001801341624184127
35250610158356000705550010001801351311569370
35250610158356000705550010001801361552130160
35250610158356000705550010001801371791107175
35250610158356000705550010001801381181994442
35250610158356000705550010001801391234812537
35250610158356000705550010001801401962230540
35250610158356000705550010001801411986158057
35250610158356000705550010001801421423065297
35250610158356000705550010001801431901163632
35250610158356000705550010001801441725832724
35250610158356000705550010001801451734680300
35250610158356000705550010001801461331582464
35250610158356000705550010001801471510000017
35250610158356000705550010001801481043156618
35250610158356000705550010001801491326920405
35250610158356000705550010001801501806438853
35250610158356000705550010001801511972436030
35250610158356000705550010001801521438298949
35250610158356000705550010001801531258397830
35250610158356000705550010001801541496501055
35250610158356000705550010001801551917649581
35250610158356000705550010001801561760708644
35250610158356000705550010001801571376197504
35250610158356000705550010001801581895724650
35250610158356000705550010001801591382560687
35250610158356000705550010001801601231201255
35250610158356000705550010001801611829829119
35250610158356000705550010001801621028486245
35250610158356000705550010001801631764118099
35250610158356000705550010001801641222724983
35250610158356000705550010001801651276030120
35250610158356000705550010001801661996483561
35250610158356000705550010001801671591917032
35250610158356000705550010001801681589596353
35250610158356000705550010001801691998953273
35250610158356000705550010001801701539422112
35250610158356000705550010001801711929170409
35250610158356000705550010001801721972220410
35250610158356000705550010001801731162031412
35250610158356000705550010001801741792564093
35250610158356000705550010001801751035990148
35250610158356000705550010001801761023612388
35250610158356000705550010001801771164187737
35250610158356000705550010001801781714379258
35250610158356000705550010001801791968337937
35250610158356000705550010001801801872994873
35250610158356000705550010001801811576440963
35250610158356000705550010001801821053085324
35250610158356000705550010001801831455004652
35250610158356000705550010001801841480109427
35250610158356000705550010001801851664725276
35250610158356000705550010001801861112077557
35250610158356000705550010001801871917931868
35250610158356000705550010001801881087557990
35250610158356000705550010001801891856751924
35250610158356000705550010001801901306246969
35250610158356000705550010001801911165140997
35250610158356000705550010001801921904748423
35250610158356000705550010001801931926657673
35250610158356000705550010001801941559189083
35250610158356000705550010001801951412364674
35250610158356000705550010001801961890900354
35250610158356000705550010001801971778752575
35250610158356000705550010001801981841686373
35250610158356000705550010001801991188257325
35250610158356000705550010001802001550162378
35250610158356000705550010001802011627702026
35250610158356000705550010001802021894908090
35250610158356000705550010001802031465645094
35250610158356000705550010001802041529478565
35250610158356000705550010001802051534364235
35250610158356000705550010001802061527311870
35250610158356000705550010001802071467128789
35250610158356000705550010001802081187039066
35250610158356000705550010001802091850839824
35250610158356000705550010001802101933164418
35250610158356000705550010001802111304015716
35250610158356000705550010001802121969306977
35250610158356000705550010001802131614097910
35250610158356000705550010001802141741906903
35250610158356000705550010001802151026912145
35250610158356000705550010001802161841471687
35250610158356000705550010001802171028103842
35250610158356000705550010001802181646060821
35250610158356000705550010001802191582041233
35250610158356000705550010001802201509189839
35250610158356000705550010001802211596245675
35250610158356000705550010001802221823040464
35250610158356000705550010001802231516877470
35250610158356000705550010001802241187714441
35250610158356000705550010001802251443444131
35250610158356000705550010001802261306441421
35250610158356000705550010001802271288747932
35250610158356000705550010001802281670290560
35250610158356000705550010001802291672635775
35250610158356000705550010001802301654791230
35250610158356000705550010001802311975351534
35250610158356000705550010001802321901303991
35250610158356000705550010001802331880031839
35250610158356000705550010001802341464594735
35250610158356000705550010001802351648315283
35250610158356000705550010001802361571830739
35250610158356000705550010001802371327587046
35250610158356000705550010001802381885553341
35250610158356000705550010001802391103674950
35250610158356000705550010001802401356109519
35250610158356000705550010001802411724185745
35250610158356000705550010001802421550950899
35250610158356000705550010001802431911530650
35250610158356000705550010001802441596711220
35250610158356000705550010001802451822119215
35250610158356000705550010001802461639256427
35250610158356000705550010001802471811344977
35250610158356000705550010001802481065989766
35250610158356000705550010001802491767343618
35250610158356000705550010001802501069358270
35250610158356000705550010001802511399299550
35250610158356000705550010001802521733617192
35250610158356000705550010001802531221840116
35250610158356000705550010001802541796753144
35250610158356000705550010001802551599552992
35250610158356000705550010001802561146845049
35250610158356000705550010001802571485661800
35250610158356000705550010001802581973261744
35250610158356000705550010001802591062969547
35250610158356000705550010001802601973978248
35250610158356000705550010001802611159266590
35250610158356000705550010001802621249091079
35250610158356000705550010001802631032821706
35250610158356000705550010001802641869569050
35250610158356000705550010001802651926069691
35250610158356000705550010001802661653779701
35250610158356000705550010001802671770924586
35250610158356000705550010001802681167806108
35250610158356000705550010001802691280416309
35250610158356000705550010001802701705432424
35250610158356000705550010001802711220648996
35250610158356000705550010001802721485308350
35250610158356000705550010001802731522901370
35250610158356000705550010001802741240336819
35250610158356000705550010001802751189286160
35250610158356000705550010001802761686575613
35250610158356000705550010001802771551702398
35250610158356000705550010001802781795927663
35250610158356000705550010001802791806932835
35250610158356000705550010001802801403047079
35250610158356000705550010001802811651528589
35250610158356000705550010001802821437844090
35250610158356000705550010001802861689698380
35250610158356000705550010001802881382337799
35250610158356000705550010001802891147028738
35250610158356000705550010001802901181840513
35250501231256000172550000003194241463224940
29250502036483000614550010004054641773327519
29250502036483000614550010004061821786308590
29250502036483000614550010004061831354390304
29250502036483000614550010004061841821666188
29250502036483000614550010004062821145385888
29250502036483000614550010004062831615048774
29250502036483000614550010004062841396962724
29250502036483000614550010004062851988110682
29250502036483000614550010004062861837056015
29250502036483000614550010004062871706217659
29250502036483000614550010004062921018212476
29250502036483000614550010004062931717740738
29250502036483000614550010004062941669193202
29250502036483000614550010004062951371416797
29250502036483000614550010004062961721113728
29250502036483000614550010004062971674311503
29250502036483000614550010004062981838562101
29250502036483000614550010004062991067717153
29250502036483000614550010004063001431667261
29250502036483000614550010004063011638164134
29250502036483000614550010004063021084037448
29250502036483000614550010004063031803805239
29250502036483000614550010004063041895875066
29250502036483000614550010004063051287130975
29250502036483000614550010004063061201618521
29250502036483000614550010004063071127800357
29250502036483000614550010004063081091188204
29250502036483000614550010004063091056753917
29250502036483000614550010004063101594577721
29250502036483000614550010004063111674846491
29250502036483000614550010004063121843633365
29250502036483000614550010004063131368494758
35250567945071000138550010005759031001780204
35250668400449001071550010007988031862311859
42250410158356000101550020018342931048953650
42250510158356000101550020018434771696530927
42250510158356000101550020018434961717082010
42250510158356000101550020018496331761957954
42250510158356000101550020018497661953640114
42250510158356000101550020018516281791302295
42250510158356000101550020018516541255637690
42250510158356000101550020018518881982791508
42250510158356000101550020018525801677486438
42250510158356000101550020018556731098933950
42250510158356000101550020018578491299384575
42250610158356000101550020018708011873926571
35250560500246001630550010033803811718488639
35250560500246001630550010033803821002999340
35250560500246001630550010033803831858640748
35250560500246001630550010033803841380108776
35250560500246001630550010033803851700156269
35250560500246001630550010033807001932577780
35250560500246001630550010033807011417170584
35250560500246001630550010033807021997534380
35250554651716001150550000075788901877855100